INSERT INTO public.grupa(
	id_druzyny, zwyciestwa, remisy, porazki, zdobyte_gole, stracone_gole, grupa, punkty)
	VALUES (1, 4, 1, 1, 10, 2, 'A', 13),
	(2, 4, 1, 1, 9, 6, 'A', 13),
	(3, 1, 3, 2, 6, 5, 'A', 6),
	(4, 0, 1, 5, 2, 14, 'A', 1),
	(5, 4, 2, 0, 15, 5, 'B', 14),
	(6, 2, 2, 2, 9, 10, 'B', 8),
	(7, 2, 2, 2, 6, 7, 'B', 8),
	(8, 0, 2, 4, 6, 13, 'B', 2),
	(9, 3, 2, 1, 17, 9, 'C', 11),
	(10, 3, 0, 3, 9, 7, 'C', 9),
	(11, 2, 3, 1, 7, 5, 'C', 9),
	(12, 1, 1, 4, 5, 17, 'C', 4),
	(13, 5, 1, 0, 15, 6, 'D', 16),
	(14, 3, 2, 1, 6, 4, 'D', 11),
	(15, 1, 1, 4, 5, 8, 'D', 4),
	(16, 1, 0, 5, 4, 12, 'D', 3),
	(17, 4, 2, 0, 15, 5, 'E', 14),
	(18, 3, 3, 0, 11, 5, 'E', 12),
	(19, 2, 1, 3, 6, 11, 'E', 7),
	(20, 0, 0, 6, 2, 13, 'E', 0),
	(21, 4, 1, 1, 16, 6, 'F', 13),
	(22, 1, 5, 0, 12, 11, 'F', 8),
	(23, 1, 3, 2, 8, 16, 'F', 6),
	(24, 0, 3, 3, 11, 14, 'F', 3),
	(25, 4, 0, 2, 12, 5, 'G', 12),
	(26, 3, 0, 3, 11, 8, 'G', 9),
	(27, 2, 1, 3, 7, 16, 'G', 7),
	(28, 2, 1, 3, 8, 9, 'G', 7),
	(29, 4, 0, 2, 9, 4, 'H', 12),
	(30, 3, 1, 2, 7, 4, 'H', 10),
	(31, 2, 2, 2, 6, 6, 'H', 8),
	(32, 1, 1, 4, 4, 12, 'H', 4);